AI Notes:

index.html: +1[0],+5[0],+7[0]
package.json: +1[1],+5-6[1],+11-12[1],+15[1],+26-27[1]
public/sword.svg: +1-6[0]
src/App.css: +1-2[0]
src/App.jsx: +1[0],+4-9[0],+11-20[0],+21[2],+22-29[0],+30[2],+31-38[0],+39[2],+40-47[0],+48-49[2],+51-52[0],+54-56[0],+59[0],+60[2],+61[0],+63-74[0],+75[2],+77-83[0],+85-89[0],+91-93[0],+95-99[0],+101-102[0],+104-105[0],+107-115[0],+116[2],+118-119[0],+121-126[0],+128[0],+130-132[0],+134-136[0],+138-140[0],+142-148[0],+149[2],+150-153[0],+155-157[0],+159[0],+161-168[0],+169[2],+170-173[0],+175-181[0],+183-189[0],+191[0],+192-194[2],+196-204[0],+205-206[2],+208[2],+210-214[0],+216[0],+217[2],+219[0],+220-221[2],+222[0],+224-231[0],+232[2],+233[0],+235-240[0],+242-245[0],+247-252[0],+253[2],+254[0],+256-259[0],+260[2],+262-265[0],+266[2],+268[0],+269[2],+271[0],+273-275[0],+276-277[2],+278[0],+280-286[0],+287[2],+288-293[0],+294[2],+295-300[0],+301[2],+302-307[0],+308[2],+309[0],+311-314[0],+315-316[2],+319-323[0],+324[3],+325-327[0],+328[3],+329-331[0],+332[3],+333-336[0],+337[3],+339-350[0],+351-353[4],+355-360[0],+361[4],+362-365[0],+366[2],+367[4],+368-374[0],+375[4],+376[0],+377[4],+378-384[0],+385[4],+386[0],+387[4],+388-395[0],+396[4],+397[0],+398[4],+399-405[0],+406[4],+407[0],+408-411[4],+413-418[0],+419[4],+420[0],+421-422[4],+424-429[0],+430[4],+431[0],+432-433[4],+434[5],+436-442[0],+444-447[0],+448[4],+449-452[0],+453[2],+454-455[4],+457-460[0],+461[4],+462-465[0],+466[2],+467-468[4],+470-473[0],+474[4],+475-477[0],+478[4],+479-481[0],+482-484[4],+486-490[0],+491-492[4],+494[0],+495-511[4],+512[5],+514-517[0],+518[5],+520-522[0],+523[5],+525-528[0],+529-531[4],+533[2]
src/index.css: +1[0],+4-21[0],+22[4],+24[0],+25[4],+26-27[0],+28[4],+31-35[0],+36[4],+38-41[0],+42[4],+44[0],+45[2],+46[0],+47[4],+49-55[0],+56[4],+58-59[0],+60[4],+61-62[2],+63[0],+64[2],+65-66[0],+67[4],+69-83[0],+84[4],+86-96[0],+97[4],+99-109[0],+110[4],+112-116[0],+117[4],+119[0],+120[4],+121[0],+122[2],+123-137[0],+138[4],+140-141[0],+142[4],+143[0],+144-145[2],+146-147[0],+148[4],+150-151[0],+152[4],+153-159[0],+160[4],+162-163[0],+164[4],+166-169[0],+170[4],+172[0],+173-174[2],+175[0],+176[4],+178-179[0],+180[4],+181[0],+182-183[2],+184-190[0],+191[4],+193[0],+194[4],+195[0],+196-197[2],+198-200[0],+201[2],+202[0],+203[4],+205[0],+206[4],+207[0],+208-209[2],+210-216[0],+217[4],+219-220[0],+221[4],+222[0],+223-224[2],+225-228[0],+229[4],+231[0],+232[4],+233-240[0],+241[4],+243-244[0],+245[4],+246[0],+247-248[2],+249-252[0],+253[4],+255-256[0],+257[4],+259-262[0],+263[4],+265[0],+266[4],+267[0],+268-269[2],+270-271[0],+272[4],+273[0],+274[4],+276-281[0],+282[4],+284-285[0],+286[4],+288-290[0],+291[4],+293-294[0],+295[4],+296-298[0],+299[4],+301-304[0],+305[4],+307-308[0],+309[4],+311-314[0],+315[4],+317-318[0],+319[4],+321-324[0],+325[4],+327-328[0],+329[4],+330[0],+331-332[2],+333-340[0],+341[4],+343[0],+344[4],+345[0],+346-347[2],+348[4],+349[0],+350[4],+352-357[0],+358[4],+360-361[0],+362[4],+363[0],+364-365[2],+366-369[0],+370[4],+372-374[0],+375[4],+377-378[0],+379[4],+380[0],+381-382[2],+383-385[0],+386-387[4],+389[0],+390[4],+391[0],+392-393[2],+394-398[0],+399[4],+401[0],+402[4],+403[0],+404-405[2],+406[4],+407[0],+408[4],+410-416[0],+417[4],+419-421[0],+422[4],+424-425[0],+426[4],+427[0],+428-429[2],+430-433[0],+434[4],+436[0],+437[4],+438-443[0],+444[4],+446[0],+447[2],+448[0],+449[4],+451-455[0],+456[4],+458-460[0],+461[4],+463[0],+464[4],+465[0],+466-467[2],+468[4],+469[0],+470[4],+472-477[0],+478[4],+480-481[0],+482[4],+483[0],+484-485[2],+486-492[0],+493[4],+495[0],+496[4],+497[0],+498-499[2],+500-502[0],+503[2],+504[4],+506[0],+507[4],+508[0],+509-510[2],+511[4],+512[0],+513[4],+515-521[0],+522[4],+524-526[0],+527[4],+529-530[0],+531[4],+532[0],+533-534[2],+535-540[0],+541[4],+543[0],+544[2],+545-547[0],+548[4],+550-551[0],+552[4],+553[2],+554-563[0],+564[4],+566-567[0],+568[4],+569-572[0],+573[4],+575-578[0],+579[4],+580-582[0],+583[4],+584-586[0],+587-588[4],+590-591[0],+592[4],+593-594[0],+595[2],+596-599[0],+600[4],+602-605[0],+606[4],+607-609[0],+610-611[4],+613-614[0],+615[4],+616-617[2],+618-621[0],+622[4],+624-625[0],+626[4],+628-629[0],+630[4],+631-633[0],+634[4],+636[0],+637[2],+638-639[4],+640-641[0],+642-643[4],+645[0],+646[4],+647-649[0],+650[4],+652-653[0],+654[2],+655-656[4],+658-659[0],+660[4],+662[0],+663-664[4],+665-666[0],+667[4],+669[0],+670[2],+671[4],+673-675[0],+676[4],+678-680[0],+681[4],+682[0],+683[4],+685[0],+686[2],+687[4],+688[0],+689[4],+691-693[0],+694[4],+696-698[0],+699[4],+701[0],+702[4],+703-706[0],+707[4],+709[0],+710-711[4],+712-713[0],+714[4],+716[0],+717-718[4],+720-722[0],+723[4],+725-726[0],+727[2],+728-729[4],+730[0],+731-732[4],+734-735[0],+736[2],+737[0],+738[4],+740[0],+741[2],+742[0],+743[2],+744[0],+745[4],+747[0],+748[2],+749[4],+750[2],+751[4],+753-754[0],+755-760[4],+761-762[0],+763-764[4],+766[0],+767[4],+768[0],+769[4],+770[2],+771[4],+773[0],+774[2],+775-777[0],+778[4],+779[2],+780-782[0],+783-784[4],+785[0],+786[4],+788-789[0],+790[4],+791[0],+792[4],+794-796[0],+797[4],+799[0],+800-801[4],+802[0],+803[4],+805-807[0],+808[4],+810-811[0],+812[2],+813[4],+815-816[0],+817[4],+818-819[0],+820[2],+821-822[4],+823[0],+824-825[4],+827[0],+828-829[2],+830[4],+832[0],+833[2],+834[0],+835[4],+836[0],+837[4],+839-840[0],+841[4],+842-843[0],+844[4],+846-847[0],+848[4],+849-854[0],+855[4],+857-860[0],+861[4],+862-864[0],+865-866[4],+868-871[0],+872[2],+873[0],+874[2],+875-884[0],+885[4],+887-890[0],+891[4],+892-894[0],+895[4],+896-898[0],+899[4],+900-902[0],+903-904[4],+906-907[0],+908[4],+909[0],+910[4],+911[2],+912[4],+913[2],+914[0],+915-916[2],+917-918[4],+920-922[0],+923[4],+925-926[0],+927[4]

Conversations:

[0]: 6862cd67-2fee-422a-a0dc-1df3c31a53db; 6862cd67; unknown;
[1]: 815829f1-6d95-4802-b495-d966faafa0b1; 815829f1; unknown;
[2]: 4ff1ce33-46f0-41d9-8131-c264e685891c; 4ff1ce33; unknown;
[3]: d7f2c5f3-2f1a-4082-96e2-ee2c67c21560; d7f2c5f3; unknown;
[4]: 428945e6-ed54-4ee6-a255-49740e4e67cf; 428945e6; unknown;
[5]: c773bcde-62da-41ae-a9e3-ab6c3cd8a1f6; c773bcde; unknown;
